Input source 1: random number

alpha   linear    double
-----------------------------
0.5      1.506     1.389
0.6      1.740     1.523
0.7      2.186     1.720
0.8      2.944     2.001
0.9      5.488     2.536
0.95    10.222     3.139
0.98    20.816     4.001
0.99    45.747     4.698


Input source 2: current time

alpha        linear    double
-----------------------------
0.5          1.0       1.0
0.6          1.0       1.0
0.7          1.0       1.0
0.8          1.0       1.0
0.9          1.0       1.0
0.95         1.0       1.0
0.98         1.0       1.0
0.99         1.0       1.0 


Input source 3: word-list

alpha   linear    double
-----------------------------
0.5      1.597     1.390
0.6      2.149     1.534
0.7      3.604     1.721
0.8      6.708     2.016
0.9     19.815     2.569 
0.95   110.594     3.186 
0.98   324.206     4.020
0.99   471.671     4.696

